Acfissa	AnidsolfT	PH	Solfiti	Alcohol	Grad
8.0	109.0	2.89	0.44	12.70	2.00
8.0	109.0	2.89	0.44	12.70	2.00
5.0	80.0	3.49	0.66	13.60	2.00
6.7	100.0	3.26	0.39	11.70	2.00
6.7	100.0	3.26	0.39	11.70	2.00
5.5	87.0	3.50	0.82	14.00	2.00
5.0	60.0	3.70	0.75	14.00	2.00
6.1	165.0	3.25	0.59	11.90	2.00
5.8	11.0	3.39	0.54	13.50	2.00
4.9	42.0	3.71	0.74	14.00	2.00
5.1	88.0	3.68	0.73	13.60	2.00
5.2	63.0	3.68	0.79	14.00	2.00
5.2	63.0	3.68	0.79	14.00	2.00
6.4	12.0	3.47	0.53	12.90	2.00
5.0	50.0	3.72	0.74	14.00	2.00
5.3	89.0	3.54	0.88	8.80	2.00
5.3	89.0	3.54	0.88	13.60	2.00
5.7	18.0	3.45	0.56	12.20	2.00
5.1	44.0	3.90	0.62	12.80	2.00
6.6	149.0	3.12	0.50	11.50	2.00
6.3	33.0	3.45	0.48	12.30	2.00
7.9	17.0	3.20	0.72	13.10	2.00
6.0	89.0	3.30	0.50	10.55	2.00
5.6	88.0	3.56	0.82	12.90	2.00
5.1	101.0	3.46	0.87	12.90	2.00
5.4	93.0	3.57	0.85	13.00	2.00
7.1	18.0	3.39	0.40	12.80	2.00
7.1	18.0	3.39	0.40	12.80	2.00
7.1	24.0	3.30	0.53	13.30	2.00
5.6	15.0	3.52	0.58	12.90	1.00
5.4	46.0	4.01	0.59	12.50	2.00
5.0	46.0	4.01	0.59	12.50	2.00
5.6	25.0	3.56	0.55	12.90	1.00
5.1	86.0	3.56	0.94	12.90	2.00
5.2	106.0	3.54	0.62	12.20	2.00
6.8	8.0	3.36	0.55	12.80	2.00
6.8	8.0	3.36	0.55	12.80	2.00
8.0	7.0	3.22	0.37	13.00	1.00
6.5	27.0	3.33	0.59	12.80	2.00
6.0	33.0	3.58	0.59	12.50	2.00
6.4	65.0	3.33	0.60	10.50	2.00
6.4	53.0	3.36	0.62	12.20	2.00
6.3	26.0	3.55	0.51	12.10	1.00
6.3	35.0	3.32	0.82	11.60	2.00
7.9	278.0	3.01	0.51	12.30	2.00
7.9	289.0	3.01	0.51	12.30	2.00
7.1	11.0	3.35	0.66	12.70	2.00
4.7	106.0	3.85	0.60	12.90	2.00
6.9	22.0	3.38	0.49	11.70	1.00
7.2	29.0	3.35	0.61	12.10	2.00
7.1	31.0	3.35	0.54	12.40	2.00
7.4	38.0	3.38	0.88	13.60	2.00
7.3	11.0	3.29	0.52	11.50	2.00
7.3	11.0	3.29	0.52	11.50	2.00
7.2	46.0	3.32	0.51	11.80	2.00
6.7	16.0	3.43	0.52	12.60	1.00
6.1	45.0	3.38	0.54	11.00	1.00
5.0	96.0	3.74	0.62	11.50	1.00
6.4	35.0	3.37	0.93	12.40	2.00
5.3	27.0	3.57	0.84	12.50	2.00
4.6	65.0	3.90	0.56	13.10	1.00
5.9	135.0	3.32	0.44	9.50	1.00
7.1	18.0	3.39	0.56	12.40	2.00
5.6	78.0	3.68	0.73	11.40	1.00
7.0	39.0	3.33	0.46	11.90	2.00
7.0	39.0	3.33	0.46	11.90	2.00
6.2	18.0	3.57	0.54	11.95	1.00
7.3	64.0	3.38	0.57	11.70	2.00
6.6	28.0	3.44	0.55	12.30	2.00
6.1	70.0	3.46	0.65	12.50	2.00
6.9	12.0	3.30	0.65	11.40	2.00
8.9	12.0	3.25	0.55	12.30	2.00
7.6	35.0	3.22	0.59	12.50	2.00
8.2	10.0	3.33	0.70	12.80	2.00
8.2	10.0	3.33	0.70	12.80	2.00
7.2	42.0	3.34	0.72	12.90	2.00
5.8	88.0	3.66	0.60	11.50	2.00
6.1	46.0	3.47	0.45	11.00	1.00
6.6	26.0	3.40	0.72	12.50	2.00
8.0	16.0	3.15	0.81	12.50	2.00
6.6	16.0	3.50	0.44	11.90	2.00
8.0	25.0	3.28	0.66	12.40	2.00
6.1	27.0	3.57	0.50	11.90	1.00
5.9	28.0	3.62	0.67	12.40	2.00
7.9	36.0	3.41	0.56	12.60	2.00
5.6	99.0	3.63	0.63	13.00	1.00
5.6	99.0	3.63	0.63	13.00	1.00
7.7	43.0	3.41	0.57	11.80	2.00
7.7	43.0	3.41	0.57	11.80	2.00
6.6	53.0	3.35	0.76	11.60	2.00
6.3	49.0	3.41	0.60	12.80	1.00
5.9	24.0	3.56	0.77	11.10	2.00
5.9	24.0	3.56	0.77	11.10	2.00
8.2	17.0	3.21	0.54	12.30	2.00
6.4	52.0	3.49	0.52	11.60	1.00
5.6	11.0	3.71	0.63	12.80	2.00
5.6	11.0	3.71	0.63	12.80	2.00
6.3	52.0	3.51	0.60	11.50	2.00
5.0	85.0	3.75	0.48	10.50	1.00
6.5	44.0	3.21	0.56	12.00	2.00
5.9	44.0	3.50	0.53	11.20	1.00
8.4	10.0	3.27	0.71	12.50	2.00
6.6	40.0	3.38	0.66	12.60	2.00
7.4	25.0	3.35	0.63	12.00	2.00
7.4	25.0	3.35	0.63	12.00	2.00
9.1	18.0	3.18	0.55	11.40	1.00
8.4	36.0	3.11	0.78	12.40	2.00
8.8	27.0	3.14	0.59	11.30	2.00
5.3	62.0	3.62	0.61	11.00	1.00
6.6	8.0	3.33	0.37	10.40	1.00
7.9	35.0	3.29	0.71	11.00	2.00
6.2	34.0	3.48	0.57	11.50	2.00
6.6	29.0	3.42	0.62	11.70	2.00
5.7	19.0	3.50	0.48	9.80	1.00
7.9	30.0	3.29	0.69	11.20	2.00
6.1	30.0	3.45	0.54	11.20	2.00
6.2	32.0	3.54	0.60	11.30	1.00
6.2	32.0	3.54	0.60	11.30	1.00
5.4	26.0	3.67	0.56	11.60	2.00
8.2	74.0	3.23	0.81	12.00	2.00
8.3	12.0	3.26	0.62	12.40	2.00
8.3	12.0	3.26	0.62	12.40	2.00
7.9	20.0	3.28	0.70	11.10	1.00
9.0	40.0	3.22	0.60	12.20	2.00
7.2	102.0	3.27	0.78	12.80	2.00
7.0	29.0	3.28	0.49	11.30	2.00
7.8	45.0	3.46	0.74	12.70	2.00
8.2	10.0	3.28	0.57	11.80	2.00
7.3	70.0	3.34	0.82	12.90	2.00
7.9	10.0	3.27	0.54	11.20	2.00
7.4	24.0	3.24	0.70	11.40	2.00
7.1	12.0	3.17	0.48	9.80	1.00
5.6	13.0	3.72	0.58	11.40	1.00
5.6	13.0	3.72	0.58	11.40	1.00
6.2	11.0	3.61	0.54	11.40	1.00
8.3	20.0	3.38	0.77	12.70	2.00
6.2	24.0	3.45	0.87	11.20	2.00
5.6	59.0	3.58	0.52	9.90	1.00
9.0	46.0	3.20	0.60	12.20	2.00
8.5	19.0	3.14	0.71	11.80	2.00
6.3	24.0	3.59	0.55	11.20	1.00
6.8	24.0	3.40	0.82	11.20	2.00
6.9	22.0	3.40	0.84	11.20	2.00
6.8	24.0	3.40	0.82	11.20	2.00
6.8	24.0	3.41	0.83	11.30	2.00
6.9	38.0	3.32	0.58	11.40	2.00
7.2	41.0	3.52	0.80	12.40	2.00
5.8	94.0	3.54	0.52	10.00	1.00
7.8	36.0	3.24	0.53	11.20	2.00
5.9	11.0	3.48	0.85	11.70	2.00
6.6	18.0	3.42	0.69	11.30	2.00
8.3	43.0	3.31	0.77	12.50	2.00
8.3	43.0	3.31	0.77	12.50	2.00
5.2	28.0	3.78	0.61	12.50	2.00
6.0	26.0	3.36	0.45	9.50	1.00
6.0	26.0	3.36	0.45	9.50	1.00
6.0	26.0	3.36	0.45	9.50	1.00
6.2	11.0	3.44	0.76	10.80	2.00
10.0	74.0	2.98	0.63	11.80	2.00
8.0	7.0	3.22	0.58	11.20	2.00
8.5	51.0	3.38	0.72	11.80	2.00
7.7	9.0	3.16	0.54	9.80	2.00
7.7	9.0	3.16	0.54	9.80	2.00
7.9	15.0	3.32	0.80	11.90	2.00
10.2	9.0	3.20	0.69	12.10	2.00
6.4	28.0	3.42	0.70	10.00	2.00
7.3	21.0	3.39	0.47	10.00	2.00
8.2	31.0	3.11	0.46	10.00	1.00
6.2	42.0	3.57	0.57	11.70	2.00
6.2	42.0	3.57	0.57	11.70	2.00
8.0	50.0	3.38	0.60	11.90	2.00
6.9	7.0	3.44	0.58	11.40	1.00
9.1	16.0	3.21	0.69	12.50	2.00
6.1	32.0	3.36	0.44	10.10	1.00
6.1	28.0	3.36	0.44	10.10	1.00
6.5	17.0	3.50	0.63	10.90	2.00
6.0	50.0	3.58	0.67	12.50	2.00
8.7	19.0	3.30	0.73	12.00	2.00
7.2	28.0	3.23	0.73	11.30	2.00
7.2	28.0	3.23	0.73	11.30	2.00
9.8	7.0	3.19	0.55	11.40	2.00
7.7	58.0	3.37	0.78	11.80	2.00
7.4	26.0	3.36	0.60	11.90	2.00
8.8	18.0	3.32	0.79	14.00	2.00
6.8	29.0	3.32	0.51	9.80	1.00
10.3	8.0	3.16	0.51	11.80	2.00
5.4	55.0	3.78	0.64	12.30	2.00
6.7	38.0	3.30	0.56	10.75	2.00
7.2	29.0	3.23	0.76	11.30	2.00
6.1	13.0	3.52	0.56	11.40	1.00
8.2	12.0	3.30	0.76	12.80	2.00
7.5	20.0	3.26	0.64	11.80	2.00
7.0	36.0	3.39	0.56	10.90	1.00
7.6	9.0	3.50	0.40	10.90	1.00
7.5	14.0	3.21	1.03	11.60	2.00
9.0	50.0	3.20	0.83	10.90	2.00
9.8	11.0	3.19	0.46	11.40	1.00
7.0	16.0	3.43	0.59	11.50	2.00
6.7	34.0	3.39	0.60	10.60	2.00
6.7	34.0	3.39	0.60	10.60	2.00
6.7	34.0	3.39	0.60	10.60	2.00
6.7	34.0	3.39	0.60	10.60	2.00
6.7	148.0	3.16	0.57	11.30	2.00
6.9	31.0	3.51	0.43	11.40	1.00
6.1	9.0	3.59	0.54	11.50	2.00
9.8	9.0	3.14	0.57	11.50	2.00
8.9	16.0	3.35	0.70	12.50	2.00
5.8	28.0	3.55	0.66	10.90	2.00
5.4	31.0	3.50	0.64	10.20	2.00
6.7	34.0	3.29	0.80	11.60	2.00
9.9	17.0	3.19	0.52	12.50	2.00
8.9	28.0	3.27	0.75	12.60	2.00
6.3	33.0	3.60	0.46	11.20	2.00
8.8	29.0	3.26	0.56	11.30	2.00
7.1	14.0	3.42	0.55	11.50	2.00
6.5	20.0	3.45	0.56	11.80	1.00
6.5	44.0	3.38	0.83	10.30	2.00
6.5	44.0	3.38	0.83	10.30	2.00
6.7	42.0	3.39	0.82	10.90	2.00
6.2	44.0	3.45	0.58	10.50	1.00
7.7	38.0	3.29	0.47	10.80	2.00
6.9	36.0	3.41	0.75	11.10	2.00
6.4	48.0	3.49	0.49	11.40	2.00
6.8	64.0	3.43	0.56	11.20	2.00
7.0	28.0	3.35	0.81	10.60	2.00
7.5	60.0	3.34	0.85	11.40	2.00
7.5	60.0	3.10	0.40	9.30	1.00
7.5	44.0	3.10	0.43	9.30	1.00
6.7	52.0	3.34	0.71	11.20	2.00
7.2	48.0	3.30	0.84	11.50	2.00
9.1	55.0	3.18	0.82	11.00	2.00
7.5	12.0	3.44	0.72	11.50	2.00
6.0	17.0	3.52	0.78	10.60	1.00
5.6	13.0	3.66	0.62	10.10	1.00
6.8	15.0	3.35	0.62	10.40	2.00
6.8	15.0	3.35	0.62	10.40	2.00
9.3	37.0	3.18	0.89	11.10	2.00
8.3	24.0	3.27	0.64	12.10	2.00
7.5	60.0	3.10	0.42	9.20	1.00
7.8	19.0	3.16	0.46	9.80	1.00
7.8	19.0	3.16	0.46	9.80	1.00
7.5	99.0	3.35	0.54	10.10	1.00
7.5	99.0	3.35	0.54	10.10	1.00
6.0	54.0	3.54	0.93	10.70	2.00
6.0	54.0	3.54	0.93	10.70	2.00
7.2	31.0	3.46	0.53	11.80	2.00
8.1	53.0	3.27	1.01	12.40	2.00
6.4	58.0	3.61	0.49	12.70	2.00
8.9	27.0	3.32	0.90	13.40	2.00
8.0	68.0	3.36	0.66	11.20	1.00
7.4	48.0	3.12	0.48	10.00	1.00
7.6	14.0	3.32	0.62	11.50	2.00
8.4	46.0	3.38	0.89	11.80	2.00
8.4	46.0	3.38	0.89	11.80	2.00
8.2	9.0	3.27	0.55	12.30	2.00
7.5	15.0	3.26	0.53	9.60	1.00
6.9	16.0	3.45	0.63	11.50	2.00
6.9	16.0	3.45	0.63	11.50	2.00
9.6	25.0	3.36	0.76	12.40	2.00
7.0	50.0	3.08	0.60	9.30	1.00
7.1	24.0	3.29	0.66	10.80	2.00
7.7	77.0	3.15	0.79	10.90	2.00
7.5	8.0	3.40	0.64	11.00	2.00
5.9	51.0	3.52	0.76	11.20	2.00
8.6	6.0	3.27	0.67	11.90	2.00
7.0	24.0	3.44	0.68	10.55	2.00
7.1	37.0	3.40	0.61	10.90	2.00
7.1	37.0	3.40	0.61	10.90	2.00
7.3	15.0	3.35	0.58	11.00	2.00
6.4	25.0	3.44	0.65	11.10	2.00
8.6	28.0	3.18	0.80	11.20	1.00
8.6	28.0	3.18	0.80	11.20	1.00
9.1	27.0	3.26	0.84	11.70	2.00
9.1	27.0	3.26	0.84	11.70	2.00
9.1	25.0	3.26	0.84	11.70	2.00
8.6	12.0	3.35	0.69	11.70	2.00
7.1	14.0	3.40	0.58	10.90	1.00
6.9	41.0	3.41	0.52	10.80	1.00
8.5	38.0	3.16	0.85	11.10	2.00
8.5	38.0	3.16	0.85	11.10	2.00
6.4	36.0	3.47	0.71	11.30	2.00
6.6	26.0	3.40	0.58	9.80	2.00
8.7	48.0	3.20	0.58	9.80	1.00
7.0	67.0	3.50	0.63	11.10	1.00
7.7	34.0	3.28	0.90	11.30	2.00
6.5	91.0	3.44	0.55	12.10	2.00
7.3	37.0	3.35	0.77	12.10	2.00
6.6	48.0	3.52	0.56	12.30	2.00
6.6	48.0	3.52	0.56	12.30	2.00
9.2	25.0	3.34	0.79	13.30	2.00
7.6	12.0	3.36	0.59	11.00	1.00
6.0	47.0	3.39	0.78	10.00	2.00
6.9	46.0	3.53	0.57	10.60	1.00
7.1	44.0	3.42	0.68	10.80	2.00
6.9	39.0	3.34	0.53	10.80	2.00
9.1	24.0	3.27	0.85	11.70	2.00
6.7	111.0	3.10	0.53	9.70	1.00
6.8	29.0	3.41	0.52	11.10	1.00
8.5	15.0	3.30	0.74	11.80	2.00
8.5	88.0	3.33	0.76	11.80	2.00
6.8	10.0	3.42	0.60	9.50	1.00
7.8	47.0	3.51	0.43	10.70	2.00
9.3	42.0	3.24	0.81	10.80	2.00
7.8	21.0	3.39	0.66	11.60	2.00
6.1	45.0	3.60	0.68	10.30	2.00
7.4	61.0	3.43	0.59	10.80	2.00
8.2	48.0	3.32	0.88	12.40	2.00
6.8	64.0	3.12	0.49	9.60	1.00
6.8	44.0	3.47	0.55	10.40	2.00
6.8	61.0	3.34	0.60	10.40	1.00
5.2	74.0	3.71	0.62	12.20	2.00
8.7	42.0	3.24	0.77	12.60	2.00
6.5	28.0	3.36	0.64	10.10	2.00
10.1	26.0	3.17	0.53	12.50	2.00
8.0	41.0	3.34	0.47	10.50	1.00
7.6	35.0	3.48	0.65	11.40	2.00
6.8	25.0	3.38	0.45	9.60	1.00
7.2	44.0	3.40	0.85	11.00	2.00
7.2	44.0	3.40	0.85	11.00	2.00
7.2	44.0	3.40	0.85	11.00	2.00
7.2	44.0	3.40	0.85	11.00	2.00
9.9	8.0	3.15	0.73	11.40	2.00
8.2	10.0	3.31	0.68	11.20	2.00
8.4	26.0	3.22	0.78	12.00	2.00
7.5	31.0	3.36	0.54	10.50	2.00
7.5	31.0	3.36	0.54	10.50	2.00
7.5	31.0	3.36	0.54	10.50	2.00
7.5	31.0	3.36	0.54	10.50	2.00
6.7	119.0	3.36	0.70	10.90	1.00
6.7	119.0	3.36	0.70	10.90	1.00
6.8	33.0	3.44	0.63	11.30	2.00
6.8	33.0	3.44	0.63	11.30	2.00
7.6	14.0	3.51	0.71	11.70	2.00
6.2	26.0	3.57	0.63	12.00	1.00
7.6	11.0	3.44	0.54	12.20	2.00
5.6	96.0	3.32	0.58	9.20	1.00
6.3	20.0	3.34	0.58	9.40	1.00
8.7	33.0	3.27	0.55	9.70	1.00
6.8	20.0	3.42	0.67	11.30	2.00
6.5	59.0	3.61	0.70	11.50	2.00
8.1	12.0	3.35	0.61	10.70	1.00
8.8	72.0	3.39	0.72	11.80	2.00
8.8	72.0	3.39	0.72	11.80	2.00
6.6	63.0	3.59	0.68	11.40	2.00
6.8	49.0	3.36	0.79	9.50	1.00
6.8	31.0	3.36	0.58	10.40	2.00
10.8	27.0	3.28	0.73	11.90	2.00
7.2	20.0	3.29	0.54	10.10	1.00
7.2	20.0	3.29	0.54	10.10	1.00
7.2	20.0	3.29	0.54	10.10	1.00
7.2	20.0	3.29	0.54	10.10	1.00
6.8	23.0	3.38	0.60	10.30	1.00
8.8	27.0	3.15	0.69	11.20	2.00
7.9	19.0	3.35	0.60	11.40	2.00
6.9	26.0	3.38	0.64	9.80	2.00
5.9	44.0	3.57	0.71	10.20	1.00
6.0	42.0	3.39	0.66	11.00	2.00
8.9	24.0	3.23	0.70	12.00	2.00
7.6	68.0	3.12	0.44	9.20	1.00
6.3	23.0	3.34	0.56	9.30	1.00
6.5	38.0	3.34	0.52	9.30	1.00
6.6	14.0	3.39	0.64	9.40	2.00
6.1	19.0	3.42	0.57	9.40	1.00
6.1	25.0	3.42	0.74	10.10	2.00
7.6	73.0	3.17	0.63	10.20	2.00
7.1	43.0	3.42	0.58	10.70	2.00
7.1	43.0	3.42	0.58	10.70	2.00
7.7	60.0	3.36	0.44	10.90	1.00
7.7	60.0	3.36	0.44	10.90	1.00
8.4	19.0	3.17	0.81	11.20	2.00
6.6	34.0	3.58	0.89	12.30	2.00
6.7	32.0	3.55	0.61	12.80	2.00
8.8	21.0	3.21	0.75	10.20	2.00
6.5	12.0	3.56	0.51	10.80	1.00
6.4	12.0	3.56	0.51	10.80	1.00
6.7	34.0	3.33	0.64	9.70	1.00
9.1	10.0	3.23	0.58	11.10	2.00
8.9	21.0	3.41	0.76	11.90	2.00
8.9	21.0	3.41	0.76	11.90	2.00
8.9	21.0	3.41	0.76	11.90	2.00
6.8	38.0	3.30	0.65	9.60	2.00
8.9	10.0	3.12	0.48	9.10	2.00
6.5	47.0	3.36	0.48	9.40	2.00
8.3	48.0	3.34	0.86	11.00	2.00
6.2	14.0	3.51	0.69	11.00	2.00
7.0	69.0	3.40	0.53	10.10	2.00
9.7	21.0	3.14	0.51	10.90	2.00
7.5	35.0	3.36	0.62	10.80	2.00
7.5	35.0	3.36	0.62	10.80	2.00
6.5	13.0	3.62	0.62	11.50	1.00
6.6	77.5	3.20	0.45	9.50	1.00
6.6	77.5	3.20	0.45	9.50	1.00
7.0	65.0	3.40	0.54	10.10	2.00
7.3	42.0	3.37	0.48	9.00	1.00
6.6	15.0	3.40	0.63	9.40	2.00
7.7	133.0	3.27	0.45	9.90	1.00
7.0	19.0	3.40	0.47	10.00	1.00
6.8	101.0	3.34	0.52	10.20	1.00
7.1	54.0	3.37	0.64	10.40	2.00
7.1	54.0	3.37	0.64	10.40	2.00
7.4	47.0	3.37	0.62	10.40	1.00
7.0	124.0	3.44	0.48	10.50	1.00
7.2	24.0	3.42	0.72	11.10	2.00
8.0	15.0	3.30	0.64	11.40	2.00
7.0	55.0	3.39	0.84	11.40	2.00
6.3	39.0	3.56	0.52	12.70	2.00
10.3	33.0	3.22	0.66	12.80	2.00
7.3	14.0	3.30	0.47	10.50	1.00
6.8	14.0	3.51	0.66	10.80	2.00
7.4	11.0	3.45	0.58	11.30	2.00
8.9	39.0	3.40	0.69	11.80	1.00
7.2	36.0	3.38	0.60	10.30	2.00
7.2	36.0	3.38	0.60	10.30	2.00
7.0	67.0	3.35	0.60	9.40	1.00
7.7	109.0	3.08	0.49	9.80	2.00
10.2	17.0	3.22	0.63	11.80	2.00
7.3	92.0	3.32	0.68	10.30	2.00
10.2	20.0	3.14	0.79	11.10	2.00
7.3	92.0	3.32	0.68	11.10	2.00
8.5	10.0	3.28	0.56	12.00	1.00
7.2	28.0	3.35	0.52	10.00	1.00
7.7	18.0	3.32	0.56	10.50	2.00
7.7	18.0	3.32	0.56	10.50	2.00
9.0	10.0	3.31	0.62	11.30	2.00
7.9	13.0	3.43	0.58	9.50	1.00
5.2	50.0	3.38	0.55	9.20	1.00
6.6	53.0	3.32	0.62	9.30	1.00
7.4	72.0	3.15	0.57	9.40	1.00
7.5	44.0	3.39	0.54	9.70	1.00
8.9	19.0	3.17	0.55	10.40	2.00
7.6	23.0	3.30	0.58	11.20	1.00
6.8	61.0	3.29	0.60	9.30	1.00
6.7	54.0	3.42	1.16	10.60	2.00
11.1	10.0	3.02	0.83	10.90	2.00
11.1	10.0	3.02	0.83	10.90	2.00
6.5	47.0	3.58	0.50	11.20	1.00
7.0	21.0	3.38	0.60	11.30	2.00
7.0	21.0	3.38	0.60	11.30	2.00
7.0	21.0	3.38	0.60	11.30	2.00
6.0	113.0	3.30	0.56	11.50	1.00
7.2	22.0	3.21	0.68	9.90	2.00
6.3	40.0	3.42	0.75	11.00	2.00
6.3	40.0	3.42	0.75	11.00	2.00
8.0	35.0	3.34	0.57	10.00	1.00
7.0	26.0	3.36	0.61	10.20	1.00
7.3	45.0	3.24	0.50	9.80	1.00
9.2	21.0	3.15	0.49	9.90	1.00
7.3	48.0	3.43	0.54	10.00	1.00
7.2	52.0	3.44	0.58	10.10	1.00
9.1	15.0	3.30	0.80	11.20	2.00
6.8	39.0	3.53	0.54	11.10	1.00
10.7	56.0	3.15	0.79	12.10	2.00
9.3	11.0	3.23	0.57	13.20	2.00
10.0	24.0	2.88	0.47	9.70	1.00
6.2	98.0	3.33	0.62	9.80	1.00
7.6	43.0	3.44	0.64	10.90	2.00
6.4	12.0	3.34	0.56	9.20	1.00
6.2	15.0	3.41	0.56	9.20	1.00
6.9	49.0	3.35	0.78	9.50	1.00
6.8	25.0	3.33	0.56	9.50	2.00
6.8	53.0	3.41	0.67	9.70	1.00
6.8	53.0	3.41	0.67	9.70	1.00
7.6	74.0	3.26	0.54	9.90	2.00
6.7	82.0	3.35	0.54	10.10	1.00
6.7	80.0	3.38	0.52	10.10	1.00
8.0	62.0	3.26	0.56	10.20	2.00
7.3	11.0	3.33	0.53	10.30	2.00
8.4	44.0	3.13	0.52	11.00	1.00
7.5	12.0	3.54	0.60	11.20	1.00
11.9	24.0	3.00	0.65	12.80	2.00
8.4	25.0	3.09	0.43	9.70	2.00
6.6	13.0	3.53	0.58	10.80	2.00
7.3	104.0	3.28	0.52	9.90	1.00
7.0	9.0	3.35	0.54	10.50	1.00
6.9	23.0	3.39	0.43	9.05	1.00
10.0	11.0	3.23	0.52	12.00	2.00
9.7	19.0	3.30	0.86	12.40	2.00
7.2	100.0	3.26	0.52	9.90	1.00
7.2	16.0	3.43	0.46	10.00	1.00
7.2	68.0	3.37	0.54	10.10	2.00
6.3	54.0	3.51	0.66	11.30	2.00
8.9	10.0	3.21	0.59	12.10	2.00
8.9	10.0	3.21	0.59	12.10	2.00
7.2	12.0	3.34	0.39	9.50	1.00
7.2	12.0	3.34	0.39	9.50	1.00
7.0	64.0	3.22	0.59	9.50	2.00
7.3	70.0	3.43	0.62	10.10	1.00
6.4	17.0	3.53	0.65	10.40	2.00
8.0	29.0	3.30	0.78	10.80	2.00
7.6	31.0	3.37	0.51	10.40	2.00
6.7	65.0	3.28	0.54	9.20	1.00
7.0	89.0	3.34	0.54	9.20	2.00
7.4	72.0	3.05	0.63	9.20	1.00
7.7	86.0	3.23	0.59	9.50	1.00
7.6	20.0	3.20	0.56	9.60	1.00
7.0	35.0	3.36	0.59	9.70	2.00
7.9	29.0	3.22	0.55	9.90	2.00
6.9	45.0	3.26	0.58	10.00	1.00
8.2	65.0	3.30	0.43	10.10	1.00
6.9	30.0	3.42	0.58	10.20	2.00
6.3	61.0	3.44	0.78	10.30	2.00
7.8	22.0	3.31	0.56	10.40	2.00
9.9	42.0	3.18	0.83	10.60	2.00
7.5	46.0	3.02	0.47	9.20	1.00
7.1	18.0	3.27	0.62	9.30	1.00
7.5	27.0	3.30	0.59	10.40	2.00
6.8	11.0	3.53	0.64	10.90	1.00
7.1	84.0	3.19	0.50	9.50	1.00
8.3	14.0	3.25	0.64	10.00	2.00
8.2	47.0	3.40	0.78	11.30	2.00
7.7	27.0	3.16	0.49	9.40	1.00
7.7	27.0	3.16	0.49	9.40	1.00
10.5	27.0	3.06	0.84	11.40	2.00
6.7	57.0	3.60	0.74	11.70	2.00
8.2	47.0	3.27	0.81	11.00	2.00
8.2	47.0	3.27	0.81	11.00	2.00
7.0	63.0	3.28	0.61	9.20	1.00
7.2	36.0	3.33	0.48	9.40	1.00
7.9	105.0	3.27	0.54	9.40	2.00
7.8	102.0	3.39	0.48	9.50	1.00
7.4	21.0	3.39	0.54	9.50	1.00
7.8	21.0	3.28	0.87	9.80	2.00
6.7	12.0	3.55	0.63	9.95	1.00
7.2	13.0	3.23	1.10	10.00	2.00
7.0	8.0	3.41	0.47	10.30	1.00
8.2	24.0	3.24	0.69	10.60	2.00
7.9	67.0	3.33	0.93	11.30	1.00
10.4	19.0	3.10	0.87	11.40	2.00
7.8	35.0	3.34	0.61	11.60	2.00
8.2	45.0	3.25	0.54	10.30	1.00
8.4	20.0	3.39	0.60	10.50	1.00
7.7	32.0	3.23	0.48	10.00	1.00
8.6	77.0	3.47	0.87	11.00	2.00
9.0	10.0	3.13	0.58	11.90	2.00
8.5	12.0	3.52	0.63	10.70	1.00
7.5	12.0	3.36	0.55	11.40	2.00
7.5	12.0	3.36	0.55	11.40	2.00
7.0	22.0	3.34	0.60	9.70	1.00
7.0	25.0	3.37	0.55	9.70	1.00
7.2	11.0	3.39	0.52	10.00	1.00
7.1	52.0	3.42	0.60	10.20	2.00
7.2	28.0	3.29	0.51	9.90	2.00
7.0	39.0	3.34	0.55	9.20	1.00
7.7	94.0	3.31	0.48	9.50	1.00
7.8	96.0	3.19	0.62	9.50	1.00
7.3	35.0	3.33	0.47	9.50	1.00
7.3	35.0	3.33	0.47	9.50	1.00
7.4	23.0	3.30	0.58	9.60	1.00
7.4	23.0	3.30	0.58	9.60	1.00
6.9	40.0	3.41	0.59	10.10	1.00
6.9	18.0	3.40	0.59	10.30	2.00
7.4	42.0	3.42	0.57	11.50	2.00
7.5	88.0	3.30	0.53	9.80	1.00
7.5	88.0	3.30	0.53	9.80	1.00
8.0	59.0	3.30	0.48	10.20	1.00
6.9	48.0	3.40	0.60	10.30	2.00
7.6	45.0	3.31	0.62	10.70	2.00
8.0	33.0	3.37	0.58	11.00	1.00
8.0	105.0	3.30	0.49	9.90	1.00
8.0	105.0	3.30	0.49	9.90	1.00
8.2	28.0	3.25	0.53	10.20	2.00
9.5	51.0	3.29	0.58	11.10	2.00
10.2	36.0	3.23	0.49	9.30	1.00
8.8	16.0	3.31	0.79	11.80	2.00
7.0	37.0	3.34	0.56	9.20	2.00
7.7	39.0	3.35	0.48	9.80	2.00
7.7	63.0	3.37	0.58	10.50	2.00
7.7	63.0	3.37	0.58	10.50	2.00
9.2	31.0	3.33	0.86	12.00	2.00
8.8	19.0	3.30	0.44	9.60	1.00
8.3	38.0	3.15	0.53	9.80	1.00
8.3	38.0	3.15	0.53	9.80	1.00
7.5	91.0	3.26	0.58	9.80	2.00
7.5	91.0	3.26	0.58	9.80	2.00
7.4	91.0	3.29	0.56	9.80	2.00
7.4	91.0	3.29	0.56	9.80	2.00
8.7	59.0	3.33	0.77	12.00	2.00
7.9	22.0	3.33	0.68	10.90	2.00
7.3	89.0	3.30	0.57	9.00	1.00
7.3	46.0	3.41	0.54	9.40	2.00
7.7	9.0	3.40	0.47	9.40	1.00
7.6	11.0	3.28	0.59	9.50	1.00
6.8	11.0	3.48	0.52	9.50	1.00
7.7	96.0	3.32	0.48	9.50	1.00
7.8	105.0	3.33	0.54	9.50	1.00
7.8	108.0	3.32	0.54	9.50	1.00
8.2	29.0	3.26	0.74	9.80	1.00
7.9	141.0	3.25	0.51	9.90	1.00
7.9	141.0	3.25	0.51	9.90	1.00
8.2	23.0	3.26	0.47	10.00	1.00
8.0	29.0	3.21	0.49	10.20	2.00
8.0	19.0	3.34	0.95	10.50	2.00
8.0	16.0	3.42	0.92	10.50	2.00
6.6	15.0	3.44	0.58	10.70	1.00
6.8	18.0	3.41	0.59	10.80	2.00
6.8	18.0	3.41	0.59	10.80	2.00
7.2	11.0	3.41	0.39	10.90	1.00
7.2	11.0	3.41	0.39	10.90	1.00
8.8	56.0	3.21	0.60	10.90	2.00
8.8	56.0	3.21	0.60	10.90	2.00
8.7	49.0	3.14	0.57	11.00	1.00
7.1	53.0	3.42	0.65	11.00	2.00
7.8	55.0	3.31	0.63	11.00	1.00
7.0	85.0	3.39	0.77	11.40	2.00
9.4	18.0	3.20	1.13	12.00	2.00
9.4	18.0	3.20	1.13	12.00	2.00
7.8	90.0	3.38	0.62	10.80	1.00
7.8	131.0	3.21	0.52	9.90	1.00
7.8	131.0	3.21	0.52	9.90	1.00
7.8	131.0	3.21	0.52	9.90	1.00
9.6	38.0	3.23	0.66	11.10	2.00
6.2	27.0	3.54	0.60	11.90	2.00
8.7	66.0	3.00	1.17	9.20	1.00
8.7	66.0	3.00	1.17	9.20	1.00
7.1	37.0	3.36	0.49	10.70	1.00
7.1	37.0	3.36	0.49	10.70	1.00
8.2	71.0	3.27	0.85	11.00	2.00
7.8	120.0	3.29	0.53	9.30	1.00
7.9	45.0	3.29	0.65	9.30	1.00
8.0	49.0	3.37	0.52	9.90	2.00
7.1	14.0	3.45	0.58	9.80	1.00
6.6	23.0	3.54	0.60	11.00	2.00
6.6	23.0	3.54	0.60	11.00	2.00
7.5	25.0	3.24	0.44	10.40	1.00
10.2	9.0	3.10	0.48	10.40	2.00
7.8	35.0	3.40	0.69	10.90	1.00
7.0	42.0	3.34	0.59	9.20	1.00
6.6	31.0	3.45	0.63	10.30	1.00
7.0	22.0	3.25	0.63	9.20	1.00
8.2	73.0	3.20	0.45	9.30	1.00
7.9	49.0	3.28	0.67	9.30	1.00
8.7	42.0	3.10	0.55	9.40	1.00
7.1	92.0	3.28	0.62	9.40	1.00
7.7	22.0	3.26	0.50	9.50	1.00
7.7	22.0	3.26	0.50	9.50	1.00
7.5	60.0	3.28	0.59	9.80	1.00
9.9	89.0	3.04	0.90	10.10	1.00
7.7	20.0	3.29	0.60	10.20	2.00
6.4	19.0	3.56	0.73	10.60	2.00
10.0	19.0	3.23	0.63	11.60	2.00
7.9	38.0	3.34	0.74	11.70	2.00
7.6	24.0	3.44	0.82	11.90	2.00
6.6	12.0	3.52	0.50	12.20	1.00
6.1	28.0	3.60	0.66	10.20	1.00
8.6	56.0	3.02	1.15	9.30	1.00
7.1	47.0	3.29	0.45	9.40	1.00
7.3	104.0	3.33	0.51	9.50	1.00
7.5	9.0	3.38	0.55	10.90	1.00
6.2	56.0	3.52	0.60	9.50	2.00
6.1	58.0	3.42	0.97	10.60	1.00
6.1	58.0	3.42	0.97	10.60	1.00
7.0	69.0	3.32	0.70	11.00	2.00
8.5	38.0	3.01	1.10	9.40	1.00
7.1	51.0	3.49	0.64	10.40	1.00
7.1	51.0	3.49	0.64	10.40	1.00
7.5	31.0	3.38	0.58	10.00	2.00
7.0	10.0	3.35	0.60	9.70	2.00
7.7	147.0	3.26	0.59	9.70	1.00
7.7	147.0	3.26	0.59	9.70	1.00
6.6	20.0	3.53	0.56	9.90	1.00
7.0	23.0	3.53	0.61	10.40	1.00
7.3	60.0	3.31	0.54	9.80	1.00
8.2	60.0	3.29	0.75	10.90	2.00
8.2	60.0	3.29	0.75	10.90	2.00
9.9	41.0	3.18	0.69	11.90	2.00
10.5	23.0	3.23	0.76	12.00	2.00
7.7	13.0	3.38	0.56	10.80	1.00
9.4	10.0	3.27	0.64	12.20	2.00
7.6	84.0	3.21	0.61	9.30	1.00
7.9	59.0	3.30	0.46	9.40	1.00
7.8	58.0	3.34	0.59	9.40	2.00
7.9	140.0	3.23	0.54	9.50	1.00
7.8	47.0	3.19	0.93	9.50	1.00
7.8	47.0	3.19	0.93	9.50	1.00
7.5	63.0	3.00	1.59	9.50	1.00
8.9	81.0	3.04	1.61	9.50	2.00
7.9	102.0	3.27	0.58	9.50	1.00
7.6	28.0	3.28	0.55	9.70	1.00
7.6	28.0	3.28	0.55	9.70	1.00
7.8	16.0	3.38	0.59	9.80	2.00
8.4	108.0	3.15	0.66	9.80	1.00
8.4	111.0	3.15	0.66	9.80	1.00
7.8	31.0	3.33	0.56	10.00	2.00
6.9	16.0	3.41	0.60	10.10	2.00
7.7	23.0	3.35	0.65	10.20	2.00
7.6	43.0	3.32	0.57	10.50	2.00
8.2	12.0	3.53	0.49	10.90	1.00
8.1	12.0	3.54	0.48	10.90	1.00
7.2	78.0	3.39	0.71	11.00	1.00
8.4	79.0	3.30	0.72	11.00	2.00
8.4	79.0	3.30	0.72	11.00	2.00
8.7	28.0	3.33	0.67	11.20	2.00
9.4	17.0	3.15	0.92	11.70	2.00
7.2	108.0	3.25	0.51	9.40	1.00
7.8	64.0	3.16	0.53	9.40	1.00
11.3	8.0	3.20	0.53	11.90	2.00
11.3	8.0	3.20	0.53	11.90	2.00
10.1	13.0	3.22	0.65	11.60	2.00
7.4	72.0	3.39	0.68	11.00	1.00
6.2	32.0	3.56	0.63	11.60	2.00
6.0	26.0	3.46	0.47	10.00	1.00
7.4	20.0	3.32	0.63	10.50	1.00
8.5	23.0	3.36	0.67	10.40	1.00
6.7	32.0	3.52	0.57	11.00	1.00
7.3	67.0	3.60	0.59	11.10	2.00
9.7	16.0	3.27	0.74	12.30	2.00
7.6	20.0	3.17	1.08	9.20	1.00
7.5	58.0	3.34	0.58	9.40	1.00
7.1	127.0	2.94	1.62	9.50	1.00
8.4	63.0	3.19	0.82	9.60	1.00
8.4	63.0	3.19	0.82	9.60	1.00
7.5	29.0	3.32	0.60	10.00	2.00
6.8	23.0	3.45	0.56	10.70	1.00
7.9	61.0	3.36	0.67	10.70	2.00
7.9	61.0	3.36	0.67	10.70	2.00
7.5	44.0	3.38	0.59	10.70	2.00
8.3	16.0	3.45	0.68	11.50	2.00
6.8	38.0	3.42	0.82	9.50	2.00
9.1	64.0	2.90	1.33	9.10	2.00
8.0	63.0	3.29	0.48	9.80	1.00
9.3	55.0	3.47	0.73	10.90	2.00
9.3	55.0	3.47	0.73	10.90	2.00
9.3	55.0	3.47	0.73	10.90	2.00
9.1	20.0	3.28	0.57	12.50	2.00
6.6	16.0	3.38	0.69	9.50	1.00
9.0	73.0	3.34	0.57	10.00	1.00
7.6	55.0	3.39	0.51	9.30	1.00
7.8	144.0	3.30	0.60	9.50	1.00
7.4	34.0	3.49	0.68	10.50	1.00
7.4	34.0	3.49	0.68	10.50	1.00
6.6	17.0	3.35	0.49	10.80	2.00
6.6	17.0	3.35	0.49	10.80	2.00
7.8	32.0	3.09	1.06	9.10	2.00
8.1	31.0	3.25	0.50	9.80	1.00
8.1	31.0	3.25	0.50	9.80	1.00
8.0	74.0	3.27	0.50	9.80	2.00
7.6	44.0	3.38	0.79	11.10	2.00
8.8	13.0	3.30	0.62	12.10	2.00
7.8	17.0	3.26	0.64	9.40	2.00
9.6	13.0	3.15	0.75	10.50	2.00
7.1	77.0	3.27	0.64	9.30	1.00
7.8	95.0	3.22	0.67	9.40	1.00
7.6	54.0	3.36	0.52	9.40	1.00
6.2	18.0	3.56	0.84	9.40	1.00
7.9	37.0	3.17	0.91	9.50	1.00
7.9	37.0	3.17	0.91	9.50	1.00
7.7	31.0	3.39	0.64	9.60	1.00
7.7	31.0	3.39	0.64	9.60	1.00
7.3	19.0	3.39	0.47	9.60	1.00
8.3	113.0	3.17	0.66	9.80	1.00
7.0	54.0	3.39	0.57	9.80	1.00
9.3	20.0	3.12	0.59	9.90	1.00
8.7	25.0	3.36	0.76	10.10	2.00
7.0	28.0	3.52	0.62	10.20	2.00
9.4	62.0	3.07	0.63	10.50	2.00
7.4	37.0	3.37	0.51	10.50	1.00
6.9	37.0	3.46	0.57	10.60	2.00
6.8	30.0	3.52	0.55	10.70	2.00
7.4	14.0	3.63	0.54	10.70	1.00
7.3	106.0	3.36	0.78	11.00	1.00
7.3	106.0	3.36	0.78	11.00	1.00
10.0	31.0	3.15	0.57	11.00	1.00
7.2	113.0	3.32	0.79	11.10	1.00
6.4	48.0	3.47	0.77	9.70	2.00
7.7	89.0	3.24	0.45	9.30	1.00
6.2	13.0	3.59	0.61	10.00	1.00
10.4	10.0	3.12	0.65	11.80	2.00
6.6	27.0	3.44	0.58	10.20	1.00
8.6	18.0	3.20	0.52	9.40	1.00
8.6	18.0	3.20	0.52	9.40	1.00
7.4	49.0	3.40	0.76	10.90	2.00
9.2	12.0	3.20	0.67	10.50	2.00
7.8	67.0	3.26	0.46	9.20	1.00
8.0	85.0	3.19	0.42	9.20	1.00
6.9	51.0	3.47	0.55	9.50	2.00
7.9	32.0	3.39	0.54	9.60	1.00
6.4	73.0	3.32	0.48	9.20	1.00
6.7	22.0	3.46	0.61	10.20	1.00
7.9	25.0	3.32	0.87	8.70	2.00
8.1	41.0	3.36	0.55	9.10	1.00
8.1	65.0	3.29	0.51	9.20	1.00
8.1	65.0	3.29	0.51	9.20	1.00
7.2	34.0	3.29	0.48	9.20	2.00
7.3	102.0	3.26	0.59	9.30	1.00
7.7	27.0	3.32	0.54	9.50	2.00
7.6	10.0	3.39	0.56	9.80	1.00
8.5	30.0	3.20	0.48	9.80	2.00
8.6	27.0	3.20	0.56	10.20	2.00
7.5	53.0	3.37	0.70	10.30	2.00
9.1	46.0	3.32	1.04	10.60	2.00
8.3	14.0	3.32	0.58	11.00	1.00
7.3	56.0	3.35	0.56	9.20	1.00
7.5	12.0	3.34	0.49	9.70	1.00
7.0	20.0	3.61	0.82	10.00	2.00
8.2	51.0	3.53	0.81	10.40	2.00
10.1	28.0	3.24	0.83	11.20	2.00
10.7	29.0	3.12	0.65	11.20	2.00
10.0	8.0	3.33	0.62	12.20	2.00
7.2	38.0	3.37	0.58	9.00	2.00
7.2	38.0	3.37	0.58	9.00	2.00
7.2	38.0	3.37	0.58	9.00	2.00
7.2	39.0	3.37	0.58	9.20	2.00
8.0	119.0	3.26	0.57	9.30	1.00
7.0	45.0	3.31	0.60	9.40	2.00
9.9	47.0	3.26	0.82	10.60	2.00
10.6	20.0	3.14	0.72	11.10	2.00
7.9	79.0	3.29	0.69	9.50	2.00
5.6	92.0	3.39	0.48	10.50	2.00
8.1	89.0	3.26	0.46	9.60	2.00
6.6	56.0	3.49	0.67	9.20	1.00
8.1	56.0	3.11	1.28	9.30	1.00
7.7	112.0	3.21	0.71	9.30	1.00
7.6	88.0	3.11	0.80	9.30	1.00
6.8	86.0	3.59	0.57	9.30	2.00
8.9	60.0	3.39	0.53	9.40	2.00
8.5	67.0	3.17	0.53	9.40	1.00
8.0	134.0	3.24	0.66	9.40	1.00
8.1	141.0	3.17	0.62	9.40	1.00
7.8	120.0	3.25	0.54	9.40	1.00
7.7	45.0	3.06	1.26	9.40	1.00
7.8	18.0	3.36	0.57	9.50	2.00
7.5	35.0	3.38	0.62	9.50	2.00
8.3	52.0	3.23	0.77	9.50	1.00
8.3	52.0	3.23	0.77	9.50	1.00
7.9	143.0	3.20	0.55	9.50	1.00
7.9	144.0	3.20	0.55	9.50	1.00
7.4	30.0	3.41	0.53	9.50	2.00
8.2	13.0	3.20	0.52	9.50	1.00
8.2	13.0	3.20	0.52	9.50	1.00
7.2	75.0	3.40	0.58	9.50	2.00
7.5	39.0	3.42	0.58	9.60	1.00
6.9	40.0	3.43	0.63	9.70	2.00
8.1	30.0	3.23	0.73	9.70	2.00
7.8	67.0	3.20	0.68	9.80	1.00
6.8	35.0	3.44	0.63	10.00	2.00
7.6	49.0	3.21	0.57	10.00	1.00
7.6	48.0	3.21	0.59	10.00	1.00
7.3	55.0	3.46	0.59	10.20	1.00
11.8	10.0	3.20	0.72	10.20	2.00
8.1	23.0	3.30	1.20	10.30	1.00
7.5	14.0	3.21	0.90	10.50	2.00
6.4	31.0	3.50	0.67	11.00	1.00
9.3	16.0	3.22	0.72	11.20	1.00
10.2	26.0	3.16	0.78	12.50	2.00
8.4	18.0	3.26	0.57	9.90	2.00
7.1	16.0	3.24	0.53	10.30	1.00
6.9	54.0	3.40	0.73	9.70	1.00
10.1	17.0	3.17	0.65	10.60	2.00
7.2	18.0	3.37	0.68	11.20	2.00
8.2	37.0	3.32	0.55	9.00	2.00
8.2	37.0	3.32	0.55	9.00	2.00
7.1	51.0	3.38	0.52	9.50	1.00
7.2	70.0	3.42	0.59	9.50	2.00
7.2	70.0	3.42	0.59	9.50	2.00
8.0	62.0	3.35	0.56	10.00	2.00
6.9	37.0	3.46	0.50	11.00	1.00
6.9	37.0	3.46	0.50	11.00	1.00
7.9	94.0	3.21	0.58	9.50	2.00
7.9	94.0	3.21	0.58	9.50	2.00
11.7	32.0	3.15	0.67	10.60	2.00
8.0	81.0	3.24	0.54	9.50	2.00
8.0	81.0	3.24	0.54	9.50	2.00
6.4	31.0	3.59	0.66	9.80	1.00
6.4	31.0	3.59	0.66	9.80	1.00
6.4	31.0	3.59	0.66	9.80	1.00
6.4	32.0	3.58	0.66	9.80	1.00
7.9	56.0	3.04	1.08	9.20	2.00
6.2	64.0	3.46	0.79	9.30	1.00
8.1	153.0	3.21	0.69	9.30	1.00
7.1	22.0	3.48	0.50	9.30	1.00
7.3	51.0	3.16	1.14	9.40	1.00
8.7	37.0	3.25	0.58	9.50	1.00
8.8	42.0	3.19	0.59	9.50	1.00
8.8	42.0	3.19	0.59	9.50	1.00
6.8	126.0	3.28	0.61	9.50	1.00
7.3	79.0	3.41	0.65	9.50	2.00
7.0	20.0	3.48	0.56	9.60	1.00
9.2	103.0	2.87	1.36	10.20	2.00
7.6	57.0	3.37	0.46	10.30	1.00
7.6	57.0	3.37	0.46	10.30	1.00
12.2	6.0	3.13	0.63	10.40	1.00
12.2	6.0	3.13	0.63	10.40	1.00
8.5	103.0	3.30	0.75	10.50	2.00
9.3	65.0	3.28	0.79	10.70	1.00
9.0	21.0	3.29	0.67	10.00	1.00
9.0	21.0	3.29	0.67	10.00	1.00
8.9	39.0	3.33	0.83	11.10	2.00
8.9	39.0	3.33	0.83	11.10	2.00
7.1	70.0	3.44	0.50	9.40	1.00
7.6	15.0	3.22	0.55	10.30	2.00
8.8	23.0	3.32	0.47	9.40	1.00
7.1	68.0	3.45	0.48	9.40	1.00
7.1	68.0	3.45	0.48	9.40	1.00
9.6	24.0	3.22	0.82	10.30	2.00
7.7	41.0	3.39	0.62	10.10	2.00
8.9	10.0	3.12	0.59	9.50	2.00
9.2	38.0	3.24	0.56	10.90	1.00
7.4	73.0	3.36	0.57	9.10	1.00
8.4	95.0	3.16	0.54	9.10	1.00
7.1	40.0	3.44	0.60	9.10	1.00
7.7	114.0	3.25	0.73	9.20	1.00
6.7	62.0	3.52	0.58	9.30	2.00
8.6	119.0	3.20	0.56	9.40	1.00
7.8	28.0	3.37	0.50	9.40	2.00
7.0	23.0	3.47	0.67	9.40	2.00
7.2	72.0	3.44	0.52	9.40	1.00
7.2	72.0	3.44	0.52	9.40	1.00
6.4	11.0	3.46	0.68	9.50	1.00
6.4	11.0	3.46	0.68	9.50	1.00
7.8	54.0	3.26	0.65	9.80	1.00
8.9	57.0	3.18	1.36	10.30	2.00
8.0	52.0	3.31	0.62	10.80	1.00
7.1	13.0	3.41	0.57	11.00	1.00
10.4	16.0	3.19	0.70	11.30	2.00
8.1	15.0	3.37	0.56	11.30	1.00
8.1	15.0	3.37	0.56	11.30	1.00
9.6	52.0	3.20	0.71	11.40	2.00
10.5	29.0	3.24	0.75	11.70	2.00
10.6	20.0	3.26	0.66	11.70	2.00
11.0	25.0	3.18	0.61	11.80	1.00
10.6	24.0	3.06	0.66	13.40	2.00
6.8	39.0	3.40	0.74	9.70	1.00
8.8	19.0	3.31	0.53	10.00	2.00
7.4	12.0	3.26	0.86	9.20	1.00
8.5	45.0	3.03	1.34	9.20	1.00
9.3	14.0	3.27	0.78	10.90	2.00
10.0	14.0	3.21	0.49	11.80	2.00
11.6	28.0	3.07	0.65	9.50	2.00
11.6	28.0	3.07	0.65	10.10	2.00
9.3	17.0	3.27	0.77	10.80	2.00
7.3	49.0	3.31	0.55	9.70	1.00
7.6	85.0	3.41	0.58	9.00	1.00
7.6	85.0	3.41	0.58	9.00	1.00
9.3	22.0	3.28	0.55	9.50	1.00
9.3	22.0	3.28	0.55	9.50	1.00
7.4	82.0	3.33	0.68	9.70	2.00
10.6	68.0	3.23	0.72	10.90	2.00
9.9	60.0	2.94	0.98	10.20	1.00
7.6	53.0	3.36	0.57	9.10	1.00
8.8	23.0	3.15	0.74	9.20	1.00
6.8	65.0	3.54	0.58	9.30	1.00
8.9	62.0	3.00	1.09	9.30	1.00
7.6	66.0	3.45	0.59	9.50	2.00
7.8	42.0	3.18	0.62	9.50	1.00
10.2	10.0	3.04	0.63	9.60	1.00
7.7	46.0	3.24	0.66	9.60	2.00
8.9	85.0	3.26	0.53	9.70	1.00
7.6	60.0	3.31	0.61	10.10	2.00
9.9	14.0	3.26	0.79	10.60	1.00
9.9	52.0	3.19	0.76	11.60	2.00
7.7	60.0	3.41	0.71	12.10	2.00
6.9	30.0	3.40	0.75	9.80	1.00
6.9	30.0	3.40	0.75	9.80	1.00
7.1	27.0	3.44	0.67	9.80	1.00
9.5	28.0	3.25	0.62	10.00	1.00
7.4	98.0	3.16	0.52	9.60	2.00
7.4	98.0	3.16	0.52	11.30	2.00
7.2	60.0	3.46	0.78	9.90	1.00
7.9	59.0	3.31	0.67	10.10	2.00
7.6	65.0	3.46	0.62	9.50	2.00
7.6	65.0	3.46	0.62	9.50	2.00
8.0	84.0	3.39	0.61	9.00	1.00
7.6	66.0	3.40	0.64	9.50	1.00
7.6	66.0	3.40	0.64	9.50	1.00
6.6	49.0	3.35	0.68	10.30	1.00
7.2	9.0	3.33	0.57	10.30	1.00
8.1	35.0	3.30	0.59	9.00	2.00
8.1	35.0	3.30	0.59	9.00	2.00
8.1	129.0	3.08	0.53	9.00	1.00
8.3	119.0	3.16	1.12	9.10	1.00
7.9	8.0	3.36	0.33	9.10	1.00
7.2	45.0	3.48	0.64	9.20	1.00
8.0	18.0	3.29	0.61	9.20	2.00
8.0	18.0	3.29	0.61	9.20	2.00
7.4	67.0	3.34	0.55	9.20	1.00
6.5	18.0	3.46	0.65	9.20	1.00
8.9	110.0	3.12	1.02	9.30	1.00
7.2	42.0	3.44	0.52	9.30	1.00
7.1	35.0	3.47	0.55	9.40	1.00
7.0	25.0	3.47	0.67	9.50	2.00
7.0	25.0	3.47	0.67	9.50	2.00
7.0	25.0	3.47	0.67	9.50	2.00
8.3	42.0	3.31	0.54	9.60	2.00
7.2	27.0	3.36	0.70	9.60	2.00
10.8	49.0	3.13	0.54	9.60	1.00
7.5	84.0	3.32	0.70	9.60	1.00
8.6	133.0	2.93	1.98	9.80	1.00
8.6	136.0	2.93	1.95	9.90	2.00
8.6	136.0	2.93	1.95	9.90	2.00
7.1	34.0	3.47	0.70	9.90	2.00
7.1	34.0	3.47	0.70	9.90	2.00
7.7	10.0	3.25	1.08	9.90	2.00
7.3	20.0	3.40	0.63	10.10	1.00
8.3	50.0	3.40	0.61	10.20	2.00
7.5	38.0	3.58	0.61	10.50	2.00
8.1	13.0	3.37	0.77	10.70	2.00
8.0	37.0	3.31	0.58	10.70	2.00
10.7	16.0	3.15	0.65	11.00	2.00
10.7	16.0	3.15	0.65	11.00	2.00
10.6	18.0	3.21	0.87	11.30	2.00
10.9	32.0	3.22	0.68	11.70	2.00
9.5	67.0	3.28	0.73	11.80	2.00
5.9	160.0	3.33	0.54	10.30	2.00
9.6	55.0	3.18	0.68	10.90	1.00
8.3	54.0	3.36	0.54	10.10	1.00
6.4	64.0	3.41	0.68	10.40	2.00
10.4	10.0	3.33	0.87	10.90	2.00
10.4	10.0	3.33	0.87	10.90	2.00
6.9	105.0	3.25	1.18	10.50	2.00
9.8	66.0	3.15	0.58	9.80	1.00
7.9	45.0	3.31	0.91	9.50	2.00
7.3	54.0	3.30	0.65	10.00	2.00
7.3	54.0	3.30	0.65	10.00	2.00
10.2	37.0	3.16	0.67	10.80	1.00
9.8	65.0	3.16	0.59	9.80	1.00
8.4	90.0	3.20	0.52	9.20	1.00
7.8	69.0	3.08	1.31	9.30	1.00
8.0	114.0	3.22	0.54	9.40	2.00
8.2	81.0	3.19	0.70	9.40	1.00
7.9	44.0	3.30	0.92	9.50	2.00
7.2	20.0	3.32	0.81	9.60	2.00
7.2	20.0	3.32	0.81	9.60	2.00
6.7	36.0	3.61	0.64	9.80	1.00
6.7	36.0	3.61	0.64	9.80	1.00
11.1	15.0	3.22	0.64	10.10	2.00
7.1	129.0	3.42	0.72	10.50	1.00
7.1	128.0	3.42	0.71	10.50	1.00
7.1	129.0	3.42	0.72	10.50	1.00
7.1	128.0	3.42	0.71	10.50	1.00
10.5	15.0	3.09	0.66	11.80	2.00
10.5	15.0	3.09	0.66	11.80	2.00
9.4	20.0	3.34	0.79	12.20	2.00
7.9	37.0	3.35	0.86	12.80	2.00
6.5	37.0	3.66	0.65	9.80	1.00
6.5	37.0	3.66	0.65	9.80	1.00
7.8	17.0	3.33	0.78	11.00	2.00
8.5	113.0	3.13	0.48	9.20	1.00
8.7	69.0	3.26	0.63	10.20	2.00
11.3	47.0	3.15	0.57	10.50	1.00
10.9	44.0	3.28	0.77	11.50	2.00
10.9	44.0	3.28	0.77	11.50	2.00
7.8	18.0	3.29	0.63	9.30	1.00
8.4	38.0	3.31	0.64	9.40	1.00
11.6	41.0	3.02	0.76	9.90	2.00
11.6	41.0	3.02	0.76	9.90	2.00
8.6	17.0	3.23	0.44	10.00	1.00
8.0	32.0	3.36	0.61	10.00	1.00
8.4	75.0	3.20	0.59	9.20	1.00
7.4	98.0	3.28	0.50	9.50	1.00
7.4	33.0	3.58	0.69	10.80	2.00
7.4	33.0	3.58	0.69	10.80	2.00
11.1	34.0	3.24	0.77	12.10	2.00
8.8	74.0	3.14	0.54	9.40	1.00
9.3	35.0	3.25	0.42	9.60	1.00
9.3	35.0	3.25	0.42	9.60	1.00
8.5	9.0	3.38	0.66	11.60	2.00
8.9	48.0	3.20	0.47	9.70	2.00
7.4	29.0	3.38	0.50	9.00	1.00
7.8	29.0	3.26	1.56	9.10	1.00
7.7	27.0	3.26	0.61	9.10	1.00
7.8	66.0	3.25	0.56	9.20	1.00
7.7	19.0	3.27	0.73	9.30	1.00
7.8	67.0	3.13	1.28	9.40	1.00
8.3	27.0	3.21	0.80	9.40	2.00
8.3	27.0	3.21	0.80	9.40	2.00
8.3	27.0	3.21	0.80	9.40	2.00
9.9	33.0	3.09	0.57	9.40	1.00
9.9	33.0	3.09	0.57	9.40	1.00
10.0	32.0	3.13	0.55	9.50	1.00
8.3	23.0	3.26	0.70	9.60	2.00
8.3	23.0	3.26	0.70	9.60	2.00
6.4	49.0	3.57	0.62	9.80	2.00
7.8	41.0	3.24	0.71	9.80	2.00
10.1	13.0	3.04	0.79	10.20	2.00
7.8	58.0	3.31	0.64	10.30	1.00
7.0	121.0	3.34	0.76	10.50	1.00
8.2	22.0	3.22	0.94	10.90	2.00
8.2	22.0	3.22	0.94	10.90	2.00
7.9	45.0	3.49	0.96	12.10	2.00
7.2	86.0	3.53	0.57	9.70	1.00
7.2	86.0	3.53	0.57	9.70	1.00
7.1	94.0	3.55	0.53	9.70	2.00
7.1	94.0	3.55	0.53	9.70	2.00
7.2	88.0	3.53	0.55	9.50	1.00
7.2	88.0	3.53	0.55	9.50	1.00
8.6	12.0	3.31	0.65	9.55	2.00
8.7	11.0	3.31	0.65	9.55	1.00
7.1	87.0	3.48	0.60	9.70	2.00
7.1	92.0	3.50	0.60	9.80	1.00
7.2	88.0	3.53	0.58	9.80	2.00
8.4	55.0	3.31	0.57	10.40	1.00
10.2	24.0	3.29	0.99	12.00	2.00
7.2	85.0	3.51	0.54	9.50	1.00
7.2	85.0	3.51	0.54	9.50	1.00
8.7	64.0	3.10	0.74	9.60	1.00
7.2	84.0	3.51	0.53	9.70	1.00
7.1	85.0	3.55	0.59	9.80	1.00
6.6	25.0	3.69	0.73	10.50	1.00
6.6	25.0	3.69	0.73	10.50	1.00
8.2	77.0	3.13	0.62	9.10	2.00
8.2	77.0	3.13	0.62	9.10	2.00
7.2	86.0	3.51	0.54	9.70	1.00
7.4	38.0	3.48	0.65	9.80	1.00
7.4	38.0	3.48	0.65	9.80	1.00
8.8	145.0	3.04	1.03	9.30	1.00
7.7	14.0	3.30	0.52	9.30	1.00
9.0	25.0	3.27	0.61	9.40	2.00
6.9	63.0	3.57	0.78	9.90	1.00
7.8	54.0	3.43	0.59	10.00	1.00
8.2	43.0	3.53	0.61	10.50	2.00
7.8	15.0	3.42	0.60	10.80	2.00
9.9	52.0	3.35	0.94	10.00	1.00
10.2	54.0	3.38	0.86	10.50	2.00
7.4	32.0	3.58	0.67	10.20	1.00
11.1	19.0	3.25	0.57	10.40	2.00
8.3	43.0	3.31	0.53	9.20	1.00
8.8	46.0	3.26	0.51	9.30	1.00
8.7	31.0	3.27	0.60	9.30	2.00
8.7	31.0	3.27	0.60	9.30	2.00
8.2	127.0	3.23	0.62	9.40	1.00
8.6	135.0	3.30	0.53	9.40	1.00
8.3	112.0	3.27	0.61	9.40	1.00
8.2	104.0	3.28	0.62	9.40	1.00
8.1	17.0	3.30	1.05	9.40	1.00
8.0	48.0	3.34	0.46	9.40	1.00
8.0	48.0	3.34	0.46	9.40	1.00
8.0	34.0	3.44	0.53	9.50	1.00
9.2	116.0	3.23	0.64	9.50	1.00
7.1	45.0	3.46	0.54	9.50	1.00
8.0	80.0	3.37	0.80	9.60	2.00
8.4	22.0	3.22	0.44	9.60	1.00
8.4	22.0	3.22	0.44	9.60	1.00
9.1	48.0	3.18	0.51	9.60	1.00
7.7	26.0	3.39	0.49	9.70	1.00
10.6	40.0	3.14	0.51	9.80	2.00
6.8	52.0	3.62	0.68	9.90	1.00
12.0	21.0	2.98	0.66	9.90	2.00
10.2	17.0	3.17	0.47	10.00	1.00
10.2	17.0	3.17	0.47	10.00	1.00
9.0	13.0	3.29	0.55	10.40	1.00
10.2	13.0	3.05	0.74	10.50	2.00
8.7	49.0	3.34	0.86	10.60	2.00
8.7	49.0	3.34	0.86	10.60	2.00
10.5	22.0	3.21	1.05	10.80	2.00
10.4	21.0	3.25	1.02	10.80	2.00
10.5	24.0	3.18	1.04	10.90	2.00
9.2	23.0	3.35	0.61	11.30	2.00
9.4	30.0	3.12	0.54	12.00	2.00
10.3	13.0	3.23	0.82	12.60	2.00
15.9	71.0	2.98	0.84	14.90	1.00
7.2	31.0	3.52	0.72	9.60	2.00
8.2	86.0	3.34	0.64	9.50	2.00
7.3	28.0	3.41	0.60	9.40	1.00
7.1	27.0	3.44	0.54	9.40	1.00
7.3	28.0	3.52	0.73	9.50	2.00
7.3	28.0	3.52	0.73	9.50	2.00
9.0	21.0	3.27	0.72	9.60	1.00
9.1	67.0	3.44	0.86	10.20	2.00
6.6	79.0	3.29	0.54	9.20	1.00
7.4	39.0	3.50	0.70	9.90	2.00
9.1	10.0	3.18	0.63	10.40	2.00
10.4	20.0	3.18	1.06	11.00	2.00
9.4	20.0	3.15	0.50	10.50	1.00
10.1	18.0	3.22	0.65	9.30	2.00
9.1	17.0	3.32	0.71	10.50	2.00
9.1	17.0	3.32	0.71	10.50	2.00
10.4	13.0	3.22	0.76	11.40	2.00
10.4	13.0	3.22	0.76	11.40	2.00
9.0	104.0	3.23	0.57	9.70	1.00
7.0	24.0	3.48	0.53	9.00	1.00
7.5	42.0	3.31	0.64	9.00	1.00
8.2	57.0	3.30	0.47	9.00	2.00
9.0	121.0	3.23	0.58	9.20	1.00
9.1	30.0	3.24	0.60	9.30	1.00
7.4	34.0	3.51	0.56	9.40	1.00
7.4	34.0	3.51	0.56	9.40	1.00
7.4	40.0	3.51	0.56	9.40	1.00
9.3	142.0	3.22	0.55	9.40	1.00
9.5	145.0	3.24	0.53	9.40	1.00
9.4	143.0	3.28	0.55	9.40	1.00
7.7	45.0	3.34	0.53	9.50	1.00
9.3	125.0	3.14	1.22	9.50	1.00
12.4	43.0	3.02	0.61	9.50	1.00
7.9	38.0	3.40	0.53	9.50	1.00
8.2	26.0	3.37	0.46	9.60	1.00
8.3	40.0	3.39	0.61	10.00	2.00
9.9	14.0	3.34	0.52	10.00	1.00
10.2	28.0	3.14	0.61	10.40	1.00
7.5	102.0	3.35	0.80	10.50	1.00
7.5	102.0	3.35	0.80	10.50	1.00
7.3	87.0	3.33	0.83	10.50	1.00
7.3	87.0	3.33	0.83	10.50	1.00
10.5	24.0	3.15	0.90	11.00	2.00
10.5	24.0	3.15	0.90	11.00	2.00
11.6	14.0	3.05	0.74	11.50	2.00
8.6	68.0	3.30	0.48	9.40	1.00
9.5	144.0	3.27	0.55	9.40	1.00
7.1	26.0	3.45	0.53	9.50	1.00
11.2	50.0	3.10	0.58	10.40	1.00
7.6	90.0	3.15	0.57	9.10	1.00
7.6	66.0	3.39	0.61	9.40	1.00
7.5	94.0	3.14	0.58	9.10	1.00
10.8	60.0	2.99	1.18	10.20	1.00
9.4	73.0	3.47	0.90	10.20	2.00
9.6	23.0	3.24	0.56	10.50	1.00
6.9	115.0	3.22	0.56	9.50	1.00
8.8	69.0	3.22	0.50	10.00	2.00
8.8	69.0	3.22	0.50	10.00	2.00
9.2	139.0	3.21	0.57	9.50	1.00
8.3	34.0	3.36	0.61	10.50	1.00
8.6	62.0	3.03	1.17	9.00	1.00
8.4	26.0	3.06	1.06	9.10	2.00
9.6	147.0	3.24	0.53	9.40	1.00
8.6	29.0	3.08	0.46	9.50	1.00
7.4	37.0	3.43	0.76	9.70	2.00
8.2	133.0	3.38	0.99	9.80	1.00
7.0	63.0	3.60	0.81	9.90	1.00
8.6	31.0	3.40	0.48	9.90	1.00
9.6	46.0	3.11	0.92	10.00	2.00
9.7	91.0	3.29	0.62	10.10	1.00
9.7	91.0	3.29	0.62	10.10	1.00
11.0	18.0	3.30	0.71	10.50	1.00
8.3	60.0	3.31	0.70	10.80	2.00
10.0	21.0	3.26	0.93	11.80	2.00
12.0	26.0	3.07	0.60	10.40	1.00
9.7	88.0	3.26	0.66	10.10	1.00
8.1	24.0	3.38	0.46	9.60	1.00
10.5	70.0	3.21	0.69	10.50	2.00
7.6	43.0	3.48	0.64	9.10	1.00
8.8	52.0	3.44	0.64	9.20	1.00
7.3	13.0	3.49	0.52	9.20	1.00
9.4	13.0	3.22	0.62	9.20	1.00
7.7	54.0	3.42	0.74	9.20	1.00
8.6	119.0	3.09	0.52	9.30	1.00
9.8	152.0	3.25	0.48	9.40	1.00
9.5	26.0	3.18	0.51	9.50	1.00
8.3	16.0	3.18	0.60	9.50	2.00
9.8	151.0	3.15	0.53	9.50	1.00
7.0	72.0	3.55	0.60	9.50	1.00
9.2	115.0	3.23	0.59	9.50	1.00
8.5	58.0	3.34	0.70	9.60	2.00
7.6	38.0	3.47	0.66	9.60	2.00
9.3	16.0	3.28	0.70	9.70	1.00
10.7	49.0	3.03	0.81	9.70	2.00
9.1	14.0	3.29	0.54	9.70	1.00
11.2	60.0	3.16	0.58	9.80	2.00
8.5	58.0	3.33	0.54	9.80	1.00
9.9	77.0	3.28	0.51	9.80	1.00
9.4	45.0	3.19	0.73	10.00	2.00
9.5	44.0	3.12	0.74	10.00	2.00
11.9	18.0	3.09	0.63	10.00	2.00
11.6	15.0	3.21	0.67	10.20	2.00
11.0	19.0	3.31	0.88	10.50	2.00
12.0	42.0	2.92	0.68	10.50	2.00
10.3	13.0	3.28	0.83	11.50	1.00
10.2	41.0	3.23	0.66	12.50	2.00
10.2	41.0	3.23	0.66	12.50	2.00
8.4	119.0	3.15	0.50	9.10	1.00
8.0	122.0	3.22	1.07	9.70	1.00
8.3	40.0	3.29	0.55	9.50	1.00
8.3	40.0	3.29	0.55	9.50	1.00
8.3	40.0	3.29	0.55	9.50	1.00
7.1	14.0	3.40	0.52	10.20	1.00
7.8	48.0	3.41	0.74	9.20	2.00
7.8	53.0	3.43	0.74	9.20	2.00
7.3	121.0	3.37	0.49	9.40	1.00
10.7	15.0	3.18	0.62	9.50	1.00
12.5	49.0	3.05	0.57	9.60	1.00
9.4	48.0	3.14	0.56	9.70	1.00
10.6	70.0	3.16	0.52	9.90	1.00
11.6	8.0	3.14	0.70	9.90	2.00
11.5	27.0	3.11	0.97	10.10	2.00
9.8	28.0	3.24	0.65	10.80	2.00
9.0	96.0	3.36	0.53	10.00	1.00
7.1	25.0	3.38	0.72	10.60	2.00
9.0	98.0	3.32	0.63	9.50	2.00
8.6	28.0	3.28	0.60	10.00	2.00
8.6	8.0	3.27	0.58	11.00	1.00
8.6	8.0	3.27	0.58	11.00	1.00
8.8	130.0	3.23	0.54	9.60	1.00
10.8	38.0	3.24	0.71	10.80	1.00
10.8	38.0	3.24	0.71	10.80	1.00
9.1	106.0	3.08	0.59	9.10	1.00
9.0	110.0	3.08	0.61	9.20	1.00
8.9	106.0	3.10	0.53	9.20	1.00
8.3	19.0	3.26	0.61	9.30	1.00
7.4	121.0	3.37	0.49	9.40	1.00
10.5	24.0	3.20	0.89	9.40	2.00
8.8	122.0	3.26	0.61	9.50	1.00
8.8	111.0	3.30	0.60	9.50	1.00
9.9	61.0	3.21	0.50	9.50	1.00
9.9	61.0	3.21	0.50	9.50	1.00
9.5	37.0	3.17	0.67	9.60	1.00
7.6	71.0	3.52	0.65	9.70	1.00
10.9	14.0	3.30	0.75	9.80	2.00
10.9	14.0	3.30	0.75	9.80	2.00
8.8	110.0	3.29	0.60	9.80	1.00
11.5	28.0	3.03	0.93	9.80	2.00
8.6	50.0	3.37	0.91	9.90	2.00
9.6	49.0	3.19	0.70	10.00	2.00
10.2	14.0	3.17	0.42	10.00	2.00
9.8	33.0	3.42	0.90	10.00	2.00
8.8	52.0	3.31	0.53	10.50	2.00
10.8	66.0	3.17	0.76	10.80	2.00
10.3	51.0	3.16	0.72	11.50	2.00
8.6	43.0	3.33	0.60	10.40	2.00
8.8	88.0	3.19	0.52	9.20	1.00
6.8	45.0	3.38	0.64	10.10	2.00
6.8	45.0	3.38	0.64	10.10	2.00
8.9	30.0	3.34	0.64	10.50	1.00
8.2	22.0	3.39	0.68	10.60	1.00
8.2	22.0	3.39	0.68	10.60	1.00
8.8	57.0	3.39	0.54	9.20	1.00
9.0	104.0	3.10	0.56	9.20	1.00
7.5	110.0	3.26	0.77	9.40	1.00
7.5	28.0	3.45	0.78	9.50	2.00
8.3	86.0	3.37	0.62	9.50	1.00
7.3	23.0	3.61	0.96	9.90	2.00
7.3	23.0	3.61	0.96	9.90	2.00
8.3	87.0	3.48	0.53	10.00	1.00
9.7	33.0	3.27	0.66	10.00	2.00
10.4	48.0	3.38	0.86	9.90	1.00
10.1	52.0	3.22	0.64	10.00	2.00
11.6	51.0	3.38	0.86	9.90	1.00
9.0	28.0	3.33	0.65	10.40	2.00
7.8	38.0	3.43	0.65	9.00	2.00
7.8	38.0	3.43	0.65	9.00	2.00
8.3	63.0	3.17	0.62	9.10	2.00
8.3	24.0	3.31	0.59	9.20	2.00
10.8	17.0	3.08	0.67	9.30	2.00
10.8	17.0	3.08	0.67	9.30	2.00
9.0	90.0	3.16	0.70	9.40	1.00
9.0	122.0	3.32	0.62	9.40	1.00
9.0	125.0	3.31	0.61	9.40	1.00
9.7	83.0	3.28	0.82	9.60	1.00
9.0	23.0	3.39	0.63	9.80	1.00
10.0	89.0	3.22	0.68	10.00	1.00
9.4	31.0	3.19	0.70	10.10	2.00
7.8	11.0	3.37	0.69	10.10	2.00
10.6	88.0	3.08	0.57	10.10	2.00
9.3	26.0	3.34	0.75	10.20	2.00
9.3	31.0	3.26	0.65	10.20	1.00
9.8	30.0	3.23	0.58	10.50	2.00
9.3	56.0	3.31	0.67	10.60	2.00
11.5	15.0	3.01	0.83	11.80	2.00
6.9	65.0	3.53	0.72	9.25	2.00
6.9	65.0	3.53	0.72	10.50	2.00
6.9	33.0	3.68	0.71	9.60	1.00
10.8	37.0	3.22	0.78	10.00	2.00
10.6	84.0	3.06	0.57	10.10	1.00
8.0	46.0	3.43	0.62	10.70	2.00
11.5	20.0	3.09	0.53	11.00	1.00
8.1	14.0	3.36	0.53	9.60	1.00
8.1	13.0	3.36	0.49	9.50	1.00
7.1	29.0	3.67	0.73	9.60	1.00
9.5	39.0	3.29	0.81	10.90	2.00
8.9	145.0	3.16	0.88	9.20	1.00
8.9	148.0	3.17	0.93	9.20	1.00
11.4	19.0	3.12	0.82	9.30	2.00
10.6	18.0	3.04	1.05	9.40	1.00
10.6	18.0	3.04	1.06	9.40	1.00
7.8	18.0	3.40	0.55	9.60	2.00
10.7	32.0	2.89	0.50	9.60	1.00
10.7	32.0	2.89	0.50	9.60	1.00
9.5	31.0	3.23	0.56	10.10	2.00
8.9	22.0	3.37	0.58	10.30	1.00
8.8	42.0	3.54	0.66	10.50	1.00
8.8	42.0	3.54	0.66	10.50	1.00
11.1	21.0	3.17	0.53	10.50	1.00
11.1	47.0	3.12	1.02	10.60	2.00
11.8	19.0	3.11	0.62	10.80	2.00
11.1	22.0	3.17	0.66	11.20	2.00
13.3	43.0	3.04	0.68	11.40	2.00
9.9	19.0	3.27	0.82	11.70	2.00
13.8	15.0	3.02	0.93	12.00	2.00
9.8	45.0	3.24	0.60	9.70	2.00
9.6	74.0	3.30	0.64	10.40	2.00
9.6	74.0	3.30	0.64	10.40	2.00
11.5	15.0	2.98	0.70	9.20	2.00
7.7	39.0	3.48	0.62	9.30	1.00
6.9	27.0	3.69	0.91	9.40	2.00
6.9	27.0	3.69	0.91	9.40	2.00
9.0	86.0	3.38	0.62	9.50	2.00
9.1	78.0	3.38	0.62	9.50	1.00
9.0	75.0	3.35	0.57	9.70	1.00
9.0	75.0	3.35	0.57	9.70	1.00
12.6	29.0	2.88	0.82	9.80	2.00
10.6	21.0	3.26	0.86	10.70	2.00
9.4	14.0	3.29	0.52	10.70	2.00
9.4	14.0	3.29	0.52	10.70	2.00
9.9	76.0	3.14	0.55	9.40	1.00
8.2	55.0	3.34	0.75	8.70	2.00
8.8	15.0	3.36	0.49	9.10	1.00
8.8	15.0	3.36	0.49	9.10	1.00
11.3	15.0	2.94	0.66	9.20	2.00
11.3	15.0	2.94	0.66	9.20	2.00
11.3	16.0	3.09	0.80	9.30	1.00
10.4	19.0	3.25	0.63	9.50	1.00
9.2	65.0	3.28	0.58	9.60	1.00
9.2	47.0	3.26	0.67	9.60	1.00
10.1	46.0	3.32	0.67	9.70	2.00
12.5	15.0	2.99	0.87	10.20	1.00
9.6	28.0	3.14	0.60	10.20	1.00
9.6	28.0	3.14	0.60	10.20	1.00
9.5	32.0	3.26	0.56	10.60	2.00
11.5	49.0	3.18	0.65	11.00	2.00
11.5	49.0	3.18	0.65	11.00	2.00
9.5	17.0	3.21	0.73	11.00	2.00
11.9	27.0	3.06	0.68	11.30	2.00
11.4	24.0	3.11	0.99	13.30	2.00
11.3	19.0	3.22	0.69	13.40	2.00
9.1	44.0	3.31	0.55	9.50	2.00
9.2	48.0	3.31	0.54	9.50	2.00
9.8	59.0	3.37	0.71	11.50	2.00
9.8	59.0	3.37	0.71	11.50	2.00
7.5	92.0	3.20	0.58	9.20	1.00
7.5	92.0	3.20	0.58	9.20	1.00
8.3	11.0	3.48	0.49	11.00	1.00
9.0	38.0	3.35	0.60	9.30	1.00
10.3	73.0	3.28	0.70	9.50	2.00
8.4	54.0	3.37	0.49	9.90	1.00
9.1	28.0	3.41	0.87	10.30	2.00
9.1	28.0	3.41	0.87	10.30	2.00
9.8	20.0	3.31	0.79	10.70	2.00
10.4	76.0	3.17	0.85	12.00	2.00
10.4	76.0	3.17	0.85	12.00	2.00
9.1	9.0	3.18	0.60	10.90	2.00
8.7	15.0	3.32	0.60	9.00	2.00
8.7	15.0	3.32	0.60	9.00	2.00
9.9	40.0	3.39	0.62	9.40	1.00
9.9	40.0	3.39	0.62	9.40	1.00
9.9	40.0	3.39	0.62	9.40	1.00
10.5	47.0	3.30	0.56	9.60	1.00
10.0	58.0	3.18	0.56	10.10	2.00
10.0	58.0	3.18	0.56	10.10	2.00
8.9	47.0	3.38	0.77	10.50	2.00
8.9	47.0	3.38	0.77	10.50	2.00
10.0	90.0	3.15	0.65	8.50	1.00
7.0	110.0	3.30	1.17	10.20	1.00
7.0	110.0	3.30	1.17	10.20	1.00
7.5	94.0	3.38	0.77	9.40	1.00
10.0	88.0	3.15	0.43	9.40	1.00
8.7	33.0	3.36	0.45	9.40	1.00
9.5	68.0	3.46	0.63	9.50	1.00
9.5	68.0	3.46	0.63	9.50	1.00
11.9	37.0	3.05	0.56	10.00	1.00
10.6	78.0	3.19	0.70	10.00	2.00
12.6	20.0	3.07	0.82	10.30	2.00
11.9	21.0	3.17	0.84	12.20	2.00
9.2	77.0	3.15	0.51	9.40	1.00
12.0	24.0	3.14	0.71	10.90	2.00
6.9	83.0	3.45	0.52	9.40	2.00
7.2	31.0	3.67	0.80	9.70	1.00
12.3	46.0	3.20	0.80	10.20	2.00
11.2	53.0	3.06	0.72	11.00	2.00
10.9	65.0	3.22	0.78	10.10	1.00
7.5	98.0	3.45	0.62	9.50	1.00
12.6	41.0	3.21	0.76	11.30	2.00
10.4	16.0	3.16	0.63	8.40	1.00
12.4	24.0	3.04	0.60	9.30	2.00
9.1	28.0	3.36	0.86	9.40	2.00
9.1	26.0	3.35	0.83	9.40	2.00
10.3	14.0	3.19	0.62	9.50	2.00
10.3	12.0	3.19	0.63	9.50	2.00
10.0	15.0	3.20	0.78	9.60	1.00
10.0	15.0	3.20	0.78	9.60	1.00
6.6	124.0	3.47	0.53	9.90	1.00
6.6	124.0	3.47	0.53	9.90	1.00
8.3	28.0	3.51	0.72	10.00	1.00
10.0	62.0	3.18	0.63	10.20	2.00
10.0	62.0	3.18	0.63	10.20	2.00
10.4	48.0	3.22	0.64	10.30	2.00
12.4	69.0	3.12	0.75	10.40	2.00
11.4	41.0	3.15	0.63	10.50	2.00
12.8	28.0	3.20	0.77	10.80	2.00
12.8	28.0	3.20	0.77	10.80	2.00
11.9	35.0	3.10	0.61	10.80	2.00
11.9	35.0	3.10	0.61	10.80	2.00
8.1	49.0	3.43	0.72	11.10	2.00
12.7	19.0	3.14	0.57	11.40	1.00
12.7	19.0	3.14	0.57	11.40	1.00
8.9	14.0	3.44	0.52	11.50	1.00
12.5	68.0	3.15	0.82	10.40	2.00
9.2	69.0	2.74	2.00	9.40	1.00
10.4	54.0	3.15	0.89	9.90	2.00
10.4	54.0	3.15	0.89	9.90	2.00
11.5	23.0	3.28	0.97	10.10	2.00
11.5	23.0	3.28	0.97	10.10	2.00
11.5	23.0	3.28	0.97	10.10	2.00
9.6	92.0	3.30	0.65	10.10	1.00
11.9	20.0	3.24	0.76	10.40	2.00
12.5	72.0	3.10	0.73	10.50	1.00
13.0	47.0	3.05	0.61	10.60	1.00
12.0	30.0	3.18	0.63	10.80	2.00
11.2	17.0	3.22	0.62	11.20	1.00
10.0	33.0	3.36	0.80	10.50	2.00
9.6	71.0	3.50	0.57	9.70	1.00
9.6	71.0	3.50	0.57	9.70	1.00
12.5	29.0	3.11	1.36	9.80	2.00
12.7	25.0	3.03	0.57	9.90	1.00
6.8	58.0	3.46	0.72	10.20	1.00
6.8	58.0	3.46	0.72	10.20	1.00
12.0	49.0	3.10	0.76	10.30	2.00
12.8	35.0	3.10	0.60	10.40	2.00
11.7	23.0	3.21	0.69	10.90	2.00
9.3	87.0	3.24	0.62	9.70	1.00
9.1	59.0	3.28	0.54	9.60	1.00
10.3	25.0	3.12	0.59	9.30	2.00
10.3	25.0	3.12	0.59	9.30	2.00
8.9	109.0	3.27	0.57	9.30	1.00
10.3	75.0	3.18	0.64	9.40	1.00
8.9	112.0	3.38	0.61	9.50	1.00
9.1	38.0	3.28	0.59	9.70	1.00
9.2	93.0	3.48	0.54	9.80	1.00
10.4	53.0	3.24	0.67	9.90	1.00
10.4	22.0	3.26	0.74	11.20	2.00
10.4	22.0	3.26	0.74	11.20	2.00
12.5	27.0	3.08	0.87	10.90	1.00
10.4	24.0	3.16	0.69	9.00	1.00
12.2	21.0	3.12	1.18	9.20	2.00
11.4	21.0	3.17	0.62	9.20	2.00
11.7	15.0	3.19	0.43	9.20	1.00
12.7	22.0	3.00	0.70	9.30	2.00
11.2	13.0	3.17	0.71	9.50	2.00
10.0	32.0	3.28	0.56	10.00	2.00
12.1	54.0	3.03	0.66	10.20	1.00
11.9	23.0	3.15	0.85	10.40	2.00
12.2	64.0	3.10	0.61	10.50	2.00
11.6	98.0	3.20	0.95	9.20	1.00
8.5	151.0	3.31	1.14	9.30	1.00
12.6	41.0	3.17	0.68	9.80	2.00
9.8	155.0	3.41	0.67	11.20	1.00
10.1	86.0	3.43	0.64	11.30	1.00
12.5	14.0	3.25	0.74	11.90	2.00
15.0	24.0	3.07	0.84	9.20	2.00
15.0	24.0	3.07	0.84	9.20	2.00
10.8	27.0	3.05	0.64	9.50	1.00
11.1	101.0	3.13	0.51	9.50	1.00
9.4	72.0	3.31	0.53	9.70	1.00
11.5	55.0	3.26	0.88	11.00	1.00
8.2	58.0	3.50	0.65	9.30	2.00
12.3	14.0	3.19	0.44	9.60	1.00
12.3	14.0	3.19	0.44	9.60	1.00
13.4	21.0	3.16	0.67	9.70	2.00
11.8	80.0	3.30	0.76	10.70	2.00
11.6	67.0	3.32	0.92	10.80	2.00
8.7	81.0	3.48	0.74	11.60	2.00
8.7	81.0	3.48	0.74	11.60	2.00
10.9	17.0	3.07	0.56	11.70	2.00
10.9	17.0	3.07	0.56	11.70	2.00
11.5	47.0	3.26	1.11	11.00	2.00
11.5	37.0	3.32	0.91	11.00	2.00
9.9	43.0	3.29	0.58	9.00	1.00
13.3	40.0	3.06	0.49	9.00	1.00
9.7	53.0	3.14	0.61	9.40	1.00
12.3	18.0	3.16	0.49	9.50	1.00
12.3	18.0	3.16	0.49	9.50	1.00
10.7	34.0	3.28	0.98	9.90	2.00
11.9	42.0	3.16	0.61	10.30	1.00
11.9	42.0	3.16	0.61	10.30	1.00
12.0	38.0	3.22	0.60	13.00	2.00
13.2	35.0	3.10	0.56	9.00	2.00
13.2	35.0	3.10	0.56	9.00	2.00
13.2	16.0	2.98	0.54	9.40	1.00
10.0	26.0	3.48	0.91	9.70	1.00
11.4	17.0	3.13	0.70	10.20	1.00
11.9	32.0	3.12	0.78	10.70	2.00
14.3	15.0	2.86	0.79	8.40	2.00
11.6	47.0	3.25	0.57	9.00	1.00
12.4	99.0	3.16	1.00	11.50	2.00
9.9	71.0	3.31	0.71	9.80	1.00
9.9	71.0	3.31	0.71	9.80	1.00
12.9	24.0	3.09	0.68	10.90	2.00
8.6	134.0	3.32	1.07	9.30	1.00
13.3	53.0	3.05	0.81	9.50	2.00
13.7	43.0	3.06	0.80	10.00	2.00
13.7	43.0	3.06	0.80	10.00	2.00
14.0	47.0	3.01	0.81	10.80	2.00
12.9	35.0	3.20	0.66	12.00	2.00
10.0	50.0	3.16	0.69	9.20	2.00
10.0	50.0	3.16	0.69	9.20	2.00
13.5	77.0	3.18	0.77	13.00	1.00
9.9	82.0	3.16	0.75	8.80	1.00
9.9	82.0	3.16	0.75	8.80	1.00
8.1	61.0	3.60	0.72	9.80	1.00
11.6	101.0	3.13	0.53	10.00	1.00
13.0	47.0	3.30	0.68	12.70	2.00
13.0	47.0	3.30	0.68	12.70	2.00
12.8	42.0	3.07	0.73	10.00	2.00
12.8	42.0	3.07	0.73	10.00	2.00
10.6	23.0	3.12	0.66	9.20	1.00
10.1	65.0	3.32	0.64	10.40	2.00
15.6	43.0	2.95	0.68	11.20	2.00
10.7	99.0	3.22	0.68	9.30	1.00
10.2	95.0	3.18	0.77	9.00	2.00
10.2	95.0	3.18	0.77	9.00	2.00
15.5	23.0	2.92	0.74	11.10	1.00
15.5	23.0	2.92	0.74	11.10	1.00
15.6	23.0	2.92	0.74	11.10	1.00